$ 1 0.000002 63.79968419005069 69 5 50 5e-11
t 480 1344 512 1344 0 1 -10.629760529316796 0.4648998215656359 100 default
r 512 1392 512 1440 0 3900
w 512 1360 512 1376 0
w 512 1376 512 1392 0
w 512 1440 512 1456 0
w 496 1488 464 1488 0
174 512 1520 512 1456 1 1000000 0.5 Resistance
w 480 1344 384 1344 0
R 512 1520 512 1568 0 0 40 -12 0 0 0.5
R 384 1488 384 1568 0 0 40 -12 0 0 0.5
w 384 1344 384 1328 0
r 384 1328 384 1264 0 10000
R 384 1264 384 1216 0 0 40 12 0 0 0.5
g 448 1296 448 1312 0 0
r 448 1296 448 1232 0 75000
r 448 1232 448 1168 0 360000
R 448 1168 448 1120 0 0 40 12 0 0 0.5
t 480 1232 512 1232 0 1 -9.005945644978556 0.46464248846809375 100 default
w 480 1232 448 1232 0
t 608 1232 576 1232 0 1 -5.99705565899184 -1.5974669467403444 100 default
w 512 1248 512 1280 0
w 512 1280 576 1280 0
w 576 1280 576 1248 0
w 544 1152 512 1152 0
w 576 1136 576 1104 0
w 576 1104 544 1104 0
w 544 1104 544 1056 0
w 512 1152 512 1072 0
w 512 1040 512 1008 0
w 576 1040 576 1008 0
w 576 1072 576 1104 0
R 512 1008 512 976 0 0 40 12 0 0 0.5
R 576 1008 576 976 0 0 40 12 0 0 0.5
w 576 1168 576 1184 0
w 576 1184 576 1216 0
c 752 1184 800 1184 0 6.8000000000000005e-9 4.0414480033891556 0.001
a 736 1248 816 1248 8 12 -12 1000000 5.999980414675887 6 100000
w 752 1184 720 1184 0
w 720 1184 720 1232 0
w 720 1232 736 1232 0
r 688 1168 688 1104 0 100000
r 688 1296 688 1360 0 100000
w 736 1264 688 1264 0
w 688 1264 688 1296 0
w 688 1264 688 1168 0
R 688 1104 688 1056 0 0 40 12 0 0 0.5
g 688 1360 688 1392 0 0
w 800 1184 832 1184 0
w 832 1184 832 1248 0
w 832 1248 816 1248 0
401 960 1264 1040 1264 1 8\s15\s-15\s1000000\s0.0029247556840474465\s3.689819926582123\s100000 0\s20\s10000000000 1\s0
w 960 1248 928 1248 0
w 960 1280 928 1280 0
w 928 1280 928 1328 0
w 928 1328 992 1328 0
c 992 1328 992 1376 0 4.7e-11 0.0029247556840474465 0.001
g 992 1376 992 1392 0 0
w 1040 1264 1072 1264 0
w 1072 1264 1072 1232 0
w 1072 1296 1072 1424 0
w 1072 1424 928 1424 0
w 928 1424 928 1392 0
r 928 1328 928 1392 0 10000
w 928 1424 640 1424 0
w 640 1424 640 1232 0
w 608 1232 640 1232 0
r 1072 1232 1072 1168 0 82000
R 1072 1168 1072 1056 0 0 40 12 0 0 0.5
t 544 1056 512 1056 0 -1 0.4646374852993045 -0.46438267882965256 100 default
t 544 1056 576 1056 0 -1 0 -0.46438267882965256 100 default
t 544 1152 576 1152 0 -1 5.070999421195156 -0.4646374852993045 100 default
w 512 1216 512 1152 0
w 576 1184 720 1184 0
w 512 1328 512 1280 0
r 1072 1424 1072 1488 0 43000
g 1072 1488 1072 1520 0 0
r 832 1248 928 1248 0 7500
r 928 1248 928 1104 0 36000
R 928 1104 928 1056 0 0 40 12 0 0 0.5
p 832 1184 832 1088 3 0 0
w 1072 1296 1072 1264 0
w 1072 1296 1136 1296 0
p 1136 1296 1136 1216 3 0 0
410 352 1392 336 1472 1 ~TL431 0\s40 2\s1e-12\s0.7336825893124423\s0 2\s2e-12\s-0.46495939627336824\s0 0\s1\s-0.46495939627336824\s0.7336825893124423\s140\s~tl431ed-qn_ed 0\s3280 0\s2400 0\s7200 0\s33.333333333333336 2\s1.2e-12\s0.7211753044297975\s0 2\s2.4e-12\s-0.00003673284149385836\s0 0\s1\s-0.00003673284149385836\s0.7211753044297975\s140\s~tl431ed-qn_ed-A1.2 0\s18.18181818181818 2\s2.2000000000000003e-12\s0.6783251128330896\s0 2\s4.400000000000001e-12\s0.01698769099091102\s0 0\s1\s0.01698769099091102\s0.6783251128330896\s140\s~tl431ed-qn_ed-A2.2 0\s800 0\s40 2\s1e-12\s0.7039002567418446\s0 2\s2e-12\s-0.4438582899536332\s0 0\s1\s-0.4438582899536332\s0.7039002567418446\s140\s~tl431ed-qn_ed 0\s4000 0\s40 2\s1e-12\s0.7041982843035832\s0 2\s2e-12\s-0.10053131267230242\s0 0\s1\s-0.10053131267230242\s0.7041982843035832\s140\s~tl431ed-qn_ed 0\s80 2\s5e-13\s0.7207247088856832\s0 2\s1e-12\s-0.7486824205627816\s0 0\s1\s-0.7486824205627816\s0.7207247088856832\s140\s~tl431ed-qn_ed-A0.5 0\s80 2\s1e-12\s-0.7032774100277859\s0 2\s3e-12\s0.00008581061978141236\s0 0\s-1\s0.00008581061978141236\s-0.7032774100277859\s60\s~tl431ed-qp_ed 0\s80 2\s1e-12\s-0.7030947078547225\s0 2\s3e-12\s0.7465067184418483\s0 0\s-1\s0.7465067184418483\s-0.7030947078547225\s60\s~tl431ed-qp_ed 0\s800 0\s800 0\s40 2\s1e-12\s0.7106063136505192\s0 2\s2e-12\s-1.5012484549905967\s0 0\s1\s-1.5012484549905967\s0.7106063136505192\s140\s~tl431ed-qn_ed 0\s150 0\s8 2\s5e-12\s0.7457156584440181\s0 2\s1e-11\s-2.2249155146635786\s0 0\s1\s-2.2249155146635786\s0.7457156584440181\s140\s~tl431ed-qn_ed-A5 0\s10000 0\s40 2\s1e-12\s-1.0363242220932012\s0 2\s2e-12\s2.948752353404416e-13\s0 0\s1\s2.948752353404416e-13\s-1.0363242220932012\s140\s~tl431ed-qn_ed 2\s~tl431ed-d_ed 0\s1000 2\s~tl431ed-d_ed 2\s1e-11\s1.501224043659132\s0 2\s2e-11\s-0.10051225822318344\s0
w 384 1360 384 1344 0
w 352 1424 352 1520 0
w 352 1520 432 1520 0
w 432 1488 432 1376 0
w 432 1376 512 1376 0
w 432 1488 432 1520 0
w 512 1456 464 1456 0
w 464 1456 464 1488 0
c 288 1344 288 1520 0 0.00001 2.9706311731075967 0.001
R 288 1520 288 1568 0 0 40 -12 0 0 0.5
w 384 1328 288 1328 0
w 288 1328 288 1344 0
o 79 32 0 x8111b 5 0.1 0 1 1 1
o 82 32 0 4355 5 0.1 1 1
